20 -1 0
40 13 1
60 19 1
80 17 1
100 17 3
120 20 3
140 18 4
160 20 4
180 17 4
200 20 1
220 17 2
240 20 1
260 17 3
280 20 6
300 21 7
320 22 2
340 20 3
360 21 8
380 23 4
400 8 1
420 21 2
440 23 3
460 21 10
480 21 4
500 23 9
520 20 3
540 21 8
560 23 6
580 24 2
600 21 12
620 22 5
640 23 3
660 24 1
680 21 5
700 23 7
720 24 7
740 21 14
760 21 2
780 23 9
800 24 13
820 21 15
840 21 5
860 23 15
880 24 15
900 21 16
920 21 2
940 23 8
960 24 16
980 24 4
1000 21 15
1020 22 7
1040 23 8
1060 24 14
1080 21 18
1100 22 17
1120 23 15
1140 24 18
1160 24 16
1180 21 17
1200 22 19
1220 23 16
1240 24 19
1260 24 16
1280 21 14
1300 22 9
1320 23 6
1340 24 20
1360 24 10
1380 25 19
1400 25 3
1420 26 2
1440 27 4
1460 24 21
1480 24 1
1500 25 6
1520 26 5
1540 27 9
1560 24 22
1580 24 12
1600 25 18
1620 26 15
1640 26 2
1660 27 9
1680 24 23
1700 25 23
1720 25 17
1740 26 23
1760 26 3
1780 27 7
1800 24 24
1820 25 24
1840 25 19
1860 26 24
1880 26 5
1900 27 5
1920 9 1
1940 24 6
1960 25 25
1980 25 8
2000 26 13
